50
840655697 767016079
783550670 343714238
433017537 714979085
792292363 735569813
324832101 858194709
625729205 60903486
790332134 946519308
214824662 301190828
577917023 484337436
244542493 783958426
523546702 396577314
224741861 333650611
201348928 424892504
56643575 165579269
355739562 988071954
284811670 656494206
285597759 496046974
459381724 558037226
68479032 280367045
250136697 900957276
887011659 761215806
338150690 110697820
851616411 835505255
840185996 353254981
172557327 52979944
866745081 919129663
966258552 802254095
527359259 771341542
828520998 325690357
693690881 875196270
141078353 964706640
180814135 141614922
519056674 752772690
54862734 862704870
995917313 408589062
976155130 834752296
163555096 539130323
122686999 723561040
239546290 700355501
298446087 540286297
237538989 826113221
123087826 243161834
355043526 615026970
68546125 258796589
660703289 415467543
921091971 292973851
17056779 85562940
355173979 758147102
790335844 590127924
955986249 444912181
